289.0	C	SPY	31.435	31.25	31.62	-2.32
(-6.87)	0	0	25.83%	0.9997	0.0000	0.0000	0.0000	0.0000	0.0237
P	SPY	0.000	0.00	0.01	-0.01
(-66.67)	1952	799	25.09%	-0.0000	0.0000	-0.0000	-0.1250	0.0000	-0.0000
290.0	C	SPY	30.435	30.25	30.62	-2.32
(-7.08)	0	41	25.83%	0.9997	0.0000	0.0000	0.0000	0.0000	0.0238
P	SPY	0.000	0.00	0.01	-0.01
(-66.67)	2497	22,383	25.09%	-0.0000	0.0000	-0.0000	-0.0968	0.0000	-0.0000
291.0	C	SPY	29.435	29.25	29.62	-2.32
(-7.32)	0	6	25.83%	0.9997	0.0000	0.0000	0.0000	0.0000	0.0239
P	SPY	0.000	0.00	0.01	-0.01
(-66.67)	24	283	25.09%	-0.0000	0.0000	-0.0001	-0.1186	0.0000	-0.0000
292.0	C	SPY	28.435	28.25	28.62	-2.32
(-7.56)	0	1	25.83%	0.9997	0.0000	0.0000	0.0000	0.0000	0.0240
P	SPY	0.000	0.00	0.01	-0.01
(-66.67)	32	186	25.09%	-0.0000	0.0000	-0.0001	-0.1081	0.0000	-0.0000
293.0	C	SPY	27.435	27.25	27.62	-2.32
(-7.80)	0	1	25.83%	0.9997	0.0000	0.0000	0.0000	0.0001	0.0241
P	SPY	0.000	0.00	0.01	-0.01
(-66.67)	129	4,261	25.09%	-0.0000	0.0000	-0.0002	-0.1127	0.0000	-0.0000
294.0	C	SPY	26.435	26.25	26.62	-2.33
(-8.10)	5	0	25.83%	0.9996	0.0001	0.0000	0.0000	0.0001	0.0242
P	SPY	0.000	0.00	0.01	-0.01
(-66.67)	58	788	25.09%	-0.0001	0.0000	-0.0004	-0.1129	0.0001	-0.0000
295.0	C	SPY	25.440	25.26	25.62	-2.32
(-8.37)	3	203	25.83%	0.9995	0.0001	0.0000	0.0000	0.0002	0.0242
P	SPY	0.000	0.00	0.01	-0.02
(-80.00)	45	1,205	25.09%	-0.0001	0.0001	-0.0006	-0.1120	0.0002	-0.0000
296.0	C	SPY	24.440	24.26	24.62	-2.32
(-8.69)	0	8	25.83%	0.9994	0.0002	0.0000	0.0000	0.0004	0.0243
P	SPY	0.000	0.00	0.01	-0.02
(-80.00)	117	977	25.09%	-0.0002	0.0001	-0.0011	-0.1122	0.0003	-0.0000
297.0	C	SPY	23.445	23.26	23.63	-2.32
(-9.00)	0	55	25.83%	0.9992	0.0003	0.0000	0.0000	0.0006	0.0244
P	SPY	0.000	0.00	0.01	-0.02
(-80.00)	99	467	25.09%	-0.0004	0.0002	-0.0018	-0.1122	0.0004	-0.0000
298.0	C	SPY	22.445	22.26	22.63	-2.33
(-9.39)	4	11	25.83%	0.9988	0.0004	0.0000	0.0000	0.0009	0.0245
P	SPY	0.015	0.01	0.02	-0.01
(-40.00)	738	927	25.09%	-0.0007	0.0003	-0.0029	-0.1121	0.0007	-0.0000
299.0	C	SPY	21.445	21.26	21.63	-2.33
(-9.80)	4	42	25.83%	0.9982	0.0007	0.0000	0.0000	0.0014	0.0245
P	SPY	0.015	0.01	0.02	-0.02
(-57.14)	512	950	25.09%	-0.0011	0.0005	-0.0046	-0.1122	0.0011	-0.0000
300.0	C	SPY	20.445	20.26	20.63	-2.33
(-10.23)	16	211	25.83%	0.9974	0.0010	0.0000	0.0000	0.0021	0.0246
P	SPY	0.015	0.01	0.02	-0.02
(-57.14)	4810	3,270	25.09%	-0.0018	0.0008	-0.0071	-0.1120	0.0017	-0.0000
301.0	C	SPY	19.445	19.26	19.63	-2.33
(-10.70)	2	18	25.83%	0.9961	0.0015	0.0000	0.0000	0.0032	0.0246
P	SPY	0.015	0.01	0.02	-0.03
(-66.67)	1382	481	25.09%	-0.0029	0.0012	-0.0108	-0.1120	0.0026	-0.0001
302.0	C	SPY	18.445	18.26	18.63	-2.34
(-11.26)	2	365	25.83%	0.9942	0.0021	0.0000	0.0000	0.0046	0.0247
P	SPY	0.015	0.01	0.02	-0.03
(-66.67)	1047	662	25.09%	-0.0045	0.0018	-0.0160	-0.1120	0.0038	-0.0001
303.0	C	SPY	17.450	17.27	17.63	-2.34
(-11.85)	21	107	25.83%	0.9915	0.0030	0.0000	0.0000	0.0065	0.0247
P	SPY	0.015	0.01	0.02	-0.04
(-72.73)	1280	1,042	25.09%	-0.0068	0.0026	-0.0232	-0.1119	0.0055	-0.0002
304.0	C	SPY	16.455	16.27	16.64	-2.34
(-12.47)	12	226	25.83%	0.9878	0.0041	-0.0105	-0.3943	0.0090	0.0247
P	SPY	0.025	0.02	0.03	-0.04
(-61.54)	932	725	25.09%	-0.0100	0.0037	-0.0328	-0.1119	0.0078	-0.0003
305.0	C	SPY	15.455	15.27	15.64	-2.35
(-13.22)	19	161	24.42%	0.9872	0.0046	-0.0101	-0.4554	0.0094	0.0247
P	SPY	0.025	0.02	0.03	-0.05
(-66.67)	2270	2,393	23.72%	-0.0106	0.0041	-0.0324	-0.1251	0.0081	-0.0003
306.0	C	SPY	14.460	14.28	14.64	-2.36
(-14.03)	16	111	23.49%	0.9849	0.0055	-0.0144	-0.3813	0.0109	0.0247
P	SPY	0.025	0.02	0.03	-0.06
(-70.59)	3042	1,796	22.34%	-0.0112	0.0045	-0.0321	-0.1410	0.0085	-0.0003
307.0	C	SPY	13.460	13.28	13.64	-2.38
(-15.00)	27	136	22.05%	0.9840	0.0062	-0.0138	-0.4447	0.0115	0.0248
P	SPY	0.035	0.03	0.04	-0.06
(-63.16)	3018	583	21.95%	-0.0153	0.0061	-0.0415	-0.1460	0.0112	-0.0004
308.0	C	SPY	12.470	12.29	12.65	-2.38
(-16.03)	20	156	21.37%	0.9796	0.0078	-0.0222	-0.3532	0.0141	0.0248
P	SPY	0.035	0.03	0.04	-0.08
(-69.57)	6450	4,564	20.51%	-0.0163	0.0068	-0.0409	-0.1671	0.0118	-0.0004
309.0	C	SPY	11.480	11.30	11.66	-2.40
(-17.26)	23	316	20.50%	0.9749	0.0098	-0.0297	-0.3288	0.0169	0.0247
P	SPY	0.045	0.04	0.05	-0.09
(-66.67)	3479	2,765	19.79%	-0.0210	0.0088	-0.0491	-0.1792	0.0147	-0.0006
310.0	C	SPY	10.495	10.31	10.68	-2.41
(-18.71)	203	292	19.74%	0.9681	0.0124	-0.0401	-0.3090	0.0206	0.0246
P	SPY	0.065	0.06	0.07	-0.11
(-61.76)	29420	6,312	19.43%	-0.0296	0.0119	-0.0642	-0.1857	0.0195	-0.0008
311.0	C	SPY	9.515	9.34	9.69	-2.43
(-20.31)	319	245	18.98%	0.9591	0.0158	-0.0526	-0.3005	0.0253	0.0245
P	SPY	0.075	0.07	0.08	-0.13
(-63.41)	4901	2,300	18.31%	-0.0354	0.0146	-0.0701	-0.2089	0.0226	-0.0009
312.0	C	SPY	8.540	8.37	8.71	-2.45
(-22.29)	508	487	18.17%	0.9477	0.0202	-0.0664	-0.3035	0.0309	0.0243
P	SPY	0.105	0.10	0.11	-0.15
(-58.82)	7422	2,277	17.80%	-0.0485	0.0195	-0.0882	-0.2207	0.0293	-0.0013
313.0	C	SPY	7.585	7.41	7.76	-2.48
(-24.64)	582	989	17.66%	0.9293	0.0263	-0.0887	-0.2963	0.0392	0.0238
P	SPY	0.150	0.14	0.16	-0.17
(-53.12)	10532	2,479	17.37%	-0.0672	0.0258	-0.1115	-0.2314	0.0378	-0.0018
314.0	C	SPY	6.640	6.48	6.80	-2.51
(-27.39)	644	364	17.00%	0.9066	0.0337	-0.1111	-0.3033	0.0484	0.0233
P	SPY	0.205	0.20	0.21	-0.18
(-47.44)	14616	2,800	16.77%	-0.0902	0.0334	-0.1347	-0.2478	0.0472	-0.0024
315.0	C	SPY	5.710	5.66	5.76	-2.52
(-30.66)	746	700	16.26%	0.8779	0.0428	-0.1341	-0.3192	0.0587	0.0226
P	SPY	0.290	0.28	0.30	-0.19
(-40.21)	68508	6,789	16.33%	-0.1228	0.0429	-0.1643	-0.2608	0.0591	-0.0033
316.0	C	SPY	4.825	4.77	4.88	-2.53
(-34.35)	809	370	15.80%	0.8358	0.0539	-0.1651	-0.3262	0.0718	0.0216
P	SPY	0.405	0.40	0.41	-0.20
(-32.50)	19221	6,862	15.85%	-0.1648	0.0539	-0.1951	-0.2760	0.0721	-0.0044
317.0	C	SPY	3.980	3.93	4.03	-2.51
(-38.67)	1255	511	15.31%	0.7824	0.0661	-0.1955	-0.3381	0.0854	0.0203
P	SPY	0.555	0.55	0.56	-0.18
(-24.49)	34012	2,328	15.29%	-0.2171	0.0661	-0.2239	-0.2953	0.0854	-0.0058
318.0	C	SPY	3.180	3.15	3.21	-2.47
(-43.72)	2067	1,387	14.73%	0.7173	0.0790	-0.2205	-0.3581	0.0982	0.0186
P	SPY	0.765	0.75	0.78	-0.14
(-15.47)	33705	3,571	14.82%	-0.2832	0.0790	-0.2520	-0.3133	0.1004	-0.0075
319.0	C	SPY	2.455	2.43	2.48	-2.40
(-49.43)	8752	633	14.24%	0.6372	0.0906	-0.2403	-0.3773	0.1089	0.0166
P	SPY	1.035	1.02	1.05	-0.07
(-6.33)	69719	5,333	14.26%	-0.3625	0.0909	-0.2704	-0.3361	0.1096	-0.0096
320.0	C	SPY	1.815	1.79	1.84	-2.28
(-55.68)	31416	1,214	13.77%	0.5446	0.0991	-0.2486	-0.3985	0.1151	0.0142
P	SPY	1.395	1.38	1.41	0.04
(3.33)	108279	15,655	13.79%	-0.4551	0.0993	-0.2788	-0.3563	0.1149	-0.0121
321.0	C	SPY	1.270	1.26	1.28	-2.12
(-62.54)	65867	1,337	13.29%	0.4430	0.1023	-0.2413	-0.4237	0.1147	0.0116
P	SPY	1.840	1.82	1.86	0.20
(12.20)	41864	2,451	13.22%	-0.5570	0.1032	-0.2698	-0.3825	0.1145	-0.0148
322.0	C	SPY	0.820	0.81	0.83	-1.92
(-70.07)	58792	1,278	12.71%	0.3371	0.0989	-0.2151	-0.4598	0.1061	0.0088
P	SPY	2.395	2.37	2.42	0.40
(20.35)	28678	4,335	12.70%	-0.6630	0.0994	-0.2446	-0.4065	0.1080	-0.0176
323.0	C	SPY	0.490	0.48	0.50	-1.67
(-77.31)	47350	3,249	12.22%	0.2366	0.0868	-0.1758	-0.4940	0.0896	0.0062
P	SPY	3.060	3.02	3.10	0.64
(26.71)	7136	2,343	12.16%	-0.7644	0.0871	-0.2030	-0.4290	0.0893	-0.0204
324.0	C	SPY	0.265	0.26	0.27	-1.38
(-83.94)	21246	6,678	11.77%	0.1503	0.0683	-0.1287	-0.5303	0.0678	0.0039
P	SPY	3.845	3.79	3.90	0.94
(32.36)	5081	3,638	11.83%	-0.8482	0.0683	-0.1588	-0.4302	0.0682	-0.0227
325.0	C	SPY	0.145	0.14	0.15	-1.08
(-88.16)	33404	5,572	11.72%	0.0919	0.0484	-0.0910	-0.5321	0.0479	0.0024
P	SPY	4.705	4.54	4.87	1.22
(35.20)	7220	4,694	11.38%	-0.9143	0.0472	-0.1123	-0.4206	0.0454	-0.0245
326.0	C	SPY	0.075	0.07	0.08	-0.81
(-91.57)	20045	6,823	11.71%	0.0526	0.0315	-0.0593	-0.5317	0.0312	0.0014
P	SPY	5.640	5.47	5.81	1.49
(36.07)	1635	3,357	11.34%	-0.9526	0.0299	-0.0813	-0.3670	0.0286	-0.0256
327.0	C	SPY	0.045	0.04	0.05	-0.58
(-92.86)	16445	6,920	12.13%	0.0327	0.0207	-0.0420	-0.4939	0.0212	0.0009
P	SPY	6.600	6.42	6.78	1.72
(35.11)	1342	1,841	10.95%	-0.9792	0.0156	-0.0544	-0.2866	0.0144	-0.0263
328.0	C	SPY	0.025	0.02	0.03	-0.41
(-94.32)	9340	4,982	12.40%	0.0191	0.0129	-0.0274	-0.4712	0.0135	0.0005
P	SPY	7.590	7.41	7.77	1.90
(33.27)	458	1,870	11.43%	-0.9875	0.0096	-0.0459	-0.2082	0.0092	-0.0266
329.0	C	SPY	0.015	0.01	0.02	-0.29
(-95.00)	6820	24,488	12.40%	0.0095	0.0071	-0.0151	-0.4704	0.0074	0.0003
P	SPY	8.575	8.39	8.76	2.03
(30.92)	459	671	11.43%	-0.9942	0.0047	-0.0372	-0.1270	0.0046	-0.0269
330.0	C	SPY	0.015	0.01	0.02	-0.18
(-92.50)	13464	20,654	12.40%	0.0045	0.0036	-0.0077	-0.4697	0.0038	0.0001
P	SPY	9.570	9.39	9.75	2.11
(28.37)	169	1,085	11.43%	-0.9974	0.0021	-0.0326	-0.0660	0.0021	-0.0271
331.0	C	SPY	0.000	0.00	0.01	-0.13
(-96.30)	2565	2,442	12.40%	0.0020	0.0017	-0.0037	-0.4690	0.0018	0.0001
P	SPY	10.565	10.38	10.75	2.19
(26.07)	96	37	11.43%	-0.9988	0.0009	-0.0303	-0.0297	0.0009	-0.0272
332.0	C	SPY	0.000	0.00	0.01	-0.08
(-94.12)	2522	3,022	12.40%	0.0008	0.0008	-0.0016	-0.4684	0.0008	0.0000
P	SPY	11.565	11.38	11.75	2.22
(23.69)	79	96	11.43%	-0.9994	0.0003	-0.0293	-0.0118	0.0003	-0.0273
333.0	C	SPY	0.000	0.00	0.01	-0.05
(-90.91)	1101	22,843	12.40%	0.0003	0.0003	-0.0007	-0.4686	0.0003	0.0000
P	SPY	12.570	12.39	12.75	2.25
(21.80)	49	37	11.43%	-0.9996	0.0001	-0.0289	-0.0043	0.0001	-0.0274
334.0	C	SPY	0.000	0.00	0.01	-0.03
(-85.71)	1210	2,621	12.40%	0.0001	0.0001	-0.0003	-0.4662	0.0001	0.0000
P	SPY	13.565	13.38	13.75	2.27
(20.04)	66	54	11.43%	-0.9997	0.0000	-0.0287	-0.0014	0.0000	-0.0274
335.0	C	SPY	0.000	0.00	0.01	-0.02
(-80.00)	76	6,213	12.40%	0.0000	0.0000	-0.0001	-0.4687	0.0000	0.0000
P	SPY	14.565	14.38	14.75	2.28
(18.56)	30	36	11.43%	-0.9997	0.0000	-0.0287	-0.0004	0.0000	-0.0275
336.0	C	SPY	0.000	0.00	0.01	-0.01
(-66.67)	30	1,670	12.40%	0.0000	0.0000	-0.0000	-0.4545	0.0000	0.0000
P	SPY	15.570	15.39	15.75	2.30
(17.29)	31	3	11.43%	-0.9997	0.0000	-0.0287	-0.0001	0.0000	-0.0276
337.0	C	SPY	0.000	0.00	0.01	-0.01
(-66.67)	5	4,041	12.40%	0.0000	0.0000	-0.0000	-0.5000	0.0000	0.0000
P	SPY	16.570	16.39	16.75	2.30
(16.12)	22	2	11.43%	-0.9997	0.0000	-0.0287	-0.0000	0.0000	-0.0277
338.0	C	SPY	0.000	0.00	0.01	-0.01
(-66.67)	2	496	12.40%	0.0000	0.0000	-0.0000	-0.3333	0.0000	0.0000
P	SPY	17.570	17.39	17.75	2.31
(15.10)	1	14	11.43%	-0.9997	0.0000	-0.0286	-0.0000	0.0000	-0.0278
339.0	C	SPY	0.000	0.00	0.01	0.00
(0.00)	10	2,075	12.40%	0.0000	0.0000	-0.0000	-0.0000	0.0000	0.0000
P	SPY	18.565	18.38	18.75	2.30
(14.14)	19	14	11.43%	-0.9997	0.0000	-0.0286	-0.0000	0.0000	-0.0279
340.0	C	SPY	0.000	0.00	0.01	0.00
(0.00)	58	5,563	12.40%	0.0000	0.0000	-0.0000	0.0000	0.0000	0.0000
P	SPY	19.565	19.38	19.75	2.30
(13.32)	20	6	11.43%	-0.9997	0.0000	-0.0286	-0.0000	0.0000	-0.0279
341.0	C	SPY	0.000	0.00	0.01	0.00
(0.00)	0	532	12.40%	0.0000	0.0000	-0.0000	0.0000	0.0000	0.0000
P	SPY	20.565	20.38	20.75	2.30
(12.62)	0	1	11.43%	-0.9997	0.0000	-0.0286	-0.0000	0.0000	-0.0280
342.0	C	SPY	0.000	0.00	0.01	0.00
(0.00)	0	686	12.40%	0.0000	0.0000	-0.0000	0.0000	0.0000	0.0000
P	SPY	21.565	21.38	21.75	2.30
(11.97)	0	0	11.43%	-0.9997	0.0000	-0.0286	-0.0000	0.0000	-0.0281
343.0	C	SPY	0.000	0.00	0.01	0.00
(0.00)	0	197	12.40%	0.0000	0.0000	-0.0000	0.0000	0.0000	0.0000
P	SPY	22.565	22.38	22.75	2.30
(11.38)	0	1	11.43%	-0.9997	0.0000	-0.0286	-0.0000	0.0000	-0.0282
344.0	C	SPY	0.000	0.00	0.01	0.00
(0.00)	7	297	12.40%	0.0000	0.0000	-0.0000	0.0000	0.0000	0.0000
P	SPY	23.565	23.38	23.75	2.30
(10.84)	0	0	11.43%	-0.9997	0.0000	-0.0286	-0.0000	0.0000	-0.0283
345.0	C	SPY	0.000	0.00	0.01	0.00
(0.00)	0	1,538	12.40%	0.0000	0.0000	-0.0000	0.0000	0.0000	0.0000
P	SPY	24.565	24.38	24.75	2.30
(10.35)	0	0	11.43%	-0.9997	0.0000	-0.0286	-0.0000	0.0000	-0.0283
346.0	C	SPY	0.000	0.00	0.01	0.00
(0.00)	0	2,619	12.40%	0.0000	0.0000	-0.0000	0.0000	0.0000	0.0000
P	SPY	25.565	25.38	25.75	2.30
(9.91)	0	2	11.43%	-0.9997	0.0000	-0.0286	-0.0000	0.0000	-0.0284
347.0	C	SPY	0.000	0.00	0.01	0.00
(0.00)	0	1,568	12.40%	0.0000	0.0000	-0.0000	0.0000	0.0000	0.0000
P	SPY	26.565	26.38	26.75	2.30
(9.50)	0	2	11.43%	-0.9997	0.0000	-0.0286	-0.0000	0.0000	-0.0285
348.0	C	SPY	0.000	0.00	0.01	0.00
(0.00)	0	154	12.40%	0.0000	0.0000	-0.0000	0.0000	0.0000	0.0000
P	SPY	27.565	27.38	27.75	2.30
(9.13)	0	10	11.43%	-0.9997	0.0000	-0.0286	-0.0000	0.0000	-0.0286
349.0	C	SPY	0.000	0.00	0.01	0.00
(0.00)	0	231	12.40%	0.0000	0.0000	-0.0000	0.0000	0.0000	0.0000
P	SPY	28.565	28.38	28.75	2.30
(8.78)	0	0	11.43%	-0.9997	0.0000	-0.0286	-0.0000	0.0000	-0.0287
350.0	C	SPY	0.000	0.00	0.01	0.00
(0.00)	0	6,005	12.40%	0.0000	0.0000	-0.0000	0.0000	0.0000	0.0000
P	SPY	29.565	29.38	29.75	2.30
(8.46)	0	6	11.43%	-0.9997	0.0000	-0.0286	-0.0000	0.0000	-0.0288
351.0	C	SPY	0.000	0.00	0.01	0.00
(0.00)	0	2	12.40%	0.0000	0.0000	-0.0000	0.0000	0.0000	0.0000
P	SPY	30.565	30.38	30.75	2.30
(8.16)	0	0	11.43%	-0.9997	0.0000	-0.0286	-0.0000	0.0000	-0.0288
352.0	C	SPY	0.000	0.00	0.01	0.00
(0.00)	0	0	12.40%	0.0000	0.0000	-0.0000	0.0000	0.0000	0.0000
P	SPY	31.565	31.38	31.75	2.30
(7.88)	0	0	11.43%	-0.9997	0.0000	-0.0286	-0.0000	0.0000	-0.0289
